1123
2 3 4 2
10 17 30 9
156 144 189 92
23 4 55 6
72 60 17 5
90 26 77 56
96 97 199 62
2 2 2 2
102 7 109 33
16 116 148 52
121 61 159 140
1 15 17 10
2 13 17 9
14 2 16 11
1 11 13 10
1 7 8 3
12 23 42 14
12 53 75 23
56 23 34 2
23 55 72 25
124 86 173 84
93 157 199 67
96 97 199 62
164 21 95 181
122 186 101 146
21 119 133 10
17 161 32 131
144 47 59 165
117 51 85 3
165 72 80 120
37 28 175 177
49 47 135 147
33 37 70 53
132 3 39 148
140 48 57 84
71 115 27 187
143 111 190 108
159 47 28 172
74 3 150 122
27 62 46 59
75 115 89 184
94 127 132 35
151 165 95 23
58 98 10 1
9 176 85 168
23 112 140 97
91 67 195 117
106 42 153 180
133 19 164 28
122 74 39 74
16 110 96 50
9 82 27 193
59 111 138 81
199 56 154 91
122 150 184 5
168 114 162 78
132 103 82 55
153 120 105 169
8 1 195 16
59 23 9 117
133 147 175 133
179 106 1 78
33 161 83 1
76 45 56 184
147 137 39 78
58 120 47 42
97 42 57 156
41 42 73 174
165 25 84 144
131 61 23 163
22 105 141 97
126 196 59 50
133 97 127 167
18 150 9 114
169 42 47 10
84 97 160 26
121 21 170 29
81 169 169 103
51 110 176 176
83 35 3 192
109 107 160 103
34 145 193 179
164 41 189 25
137 126 50 35
147 196 64 5
165 33 107 16
119 61 168 2
95 148 193 180
55 130 83 65
53 54 45 17
94 11 18 8
136 67 42 60
64 82 65 6
114 148 22 10
9 166 11 104
114 181 61 145
88 144 11 140
197 32 133 68
42 150 75 177
194 93 15 35
175 79 40 66
27 38 53 36
5 40 116 95
21 176 18 86
97 5 3 71
36 136 138 77
63 189 31 34
60 45 68 12
100 85 54 127
122 106 139 103
146 55 198 143
8 16 29 82
20 32 152 32
144 68 108 183
34 115 18 93
160 62 104 37
146 135 163 69
41 79 171 186
110 146 130 118
138 135 199 134
143 128 165 87
195 50 48 7
165 65 99 102
164 21 95 181
122 186 101 146
21 119 133 10
17 161 32 131
144 47 59 165
117 51 85 3
165 72 80 120
37 28 175 177
49 47 135 147
33 37 70 53
132 3 39 148
140 48 57 84
71 115 27 187
143 111 190 108
159 47 28 172
74 3 150 122
27 62 46 59
75 115 89 184
94 127 132 35
151 165 95 23
58 98 10 1
9 176 85 168
23 112 140 97
91 67 195 117
106 42 153 180
133 19 164 28
122 74 39 74
16 110 96 50
9 82 27 193
59 111 138 81
199 56 154 91
122 150 184 5
168 114 162 78
132 103 82 55
153 120 105 169
8 1 195 16
59 23 9 117
133 147 175 133
179 106 1 78
33 161 83 1
76 45 56 184
147 137 39 78
58 120 47 42
97 42 57 156
41 42 73 174
165 25 84 144
131 61 23 163
22 105 141 97
126 196 59 50
133 97 127 167
18 150 9 114
169 42 47 10
84 97 160 26
121 21 170 29
81 169 169 103
51 110 176 176
83 35 3 192
109 107 160 103
34 145 193 179
164 41 189 25
137 126 50 35
147 196 64 5
165 33 107 16
119 61 168 2
95 148 193 180
55 130 83 65
53 54 45 17
94 11 18 8
136 67 42 60
64 82 65 6
114 148 22 10
9 166 11 104
114 181 61 145
88 144 11 140
197 32 133 68
42 150 75 177
194 93 15 35
175 79 40 66
27 38 53 36
5 40 116 95
21 176 18 86
97 5 3 71
36 136 138 77
63 189 31 34
60 45 68 12
100 85 54 127
122 106 139 103
146 55 198 143
8 16 29 82
20 32 152 32
144 68 108 183
34 115 18 93
160 62 104 37
146 135 163 69
41 79 171 186
110 146 130 118
138 135 199 134
143 128 165 87
195 50 48 7
165 65 99 102
103 180 138 50
115 79 95 155
157 43 119 68
189 26 162 127
137 138 62 81
66 4 167 39
54 15 45 19
56 120 97 159
100 35 185 191
90 80 124 48
122 43 92 88
45 54 192 181
191 31 62 34
34 7 72 87
197 116 82 54
37 178 189 113
190 151 105 80
31 29 104 129
48 195 18 92
26 186 50 17
17 112 51 50
95 99 114 92
16 195 122 29
151 111 141 118
62 23 174 69
51 79 198 75
51 192 166 77
178 17 70 194
105 120 21 199
20 134 91 12
107 14 40 35
101 157 152 140
180 126 185 8
181 160 83 33
152 26 86 107
19 155 78 100
53 76 99 49
10 167 37 93
157 53 127 35
10 56 151 166
159 137 151 140
97 34 149 27
36 35 110 32
167 188 131 196
64 31 45 50
174 81 143 131
133 47 142 119
80 94 86 39
31 37 155 104
47 105 130 59
116 41 90 60
6 22 56 46
29 77 95 3
134 15 110 44
39 29 163 118
122 26 133 129
39 88 11 62
169 140 120 86
157 11 122 139
9 178 184 37
32 57 16 166
71 102 10 86
130 149 4 30
174 136 135 189
2 145 51 170
63 148 56 196
135 155 136 143
133 97 156 141
153 148 107 2
27 117 87 133
43 68 162 18
180 98 183 181
20 35 152 82
182 184 79 94
139 15 37 49
111 169 190 42
117 74 43 120
167 106 53 11
173 192 28 154
67 11 112 86
22 41 168 180
26 47 74 141
38 87 167 125
56 134 166 149
8 185 69 175
92 122 185 42
114 189 172 180
176 85 43 198
125 11 155 127
34 30 46 48
93 13 173 149
146 116 98 153
79 144 105 147
43 90 188 156
79 161 113 33
23 155 31 124
143 162 52 176
168 97 25 62
86 174 11 9
67 85 161 145
6 67 92 48
133 58 4 189
19 93 22 41
49 29 164 191
190 192 144 159
66 145 21 128
96 8 136 163
69 98 85 75
141 154 122 74
12 103 40 7
195 61 24 21
89 164 188 80
134 133 16 199
78 36 128 174
20 41 114 88
138 175 162 56
129 85 107 117
187 146 123 159
8 123 180 73
88 168 152 22
101 167 197 156
179 102 107 198
143 197 87 58
172 26 91 102
110 197 195 74
120 96 34 104
19 190 177 83
158 129 81 37
74 79 169 30
157 76 29 77
73 92 135 45
117 3 123 5
199 119 55 96
15 65 1 10
55 177 93 190
83 173 27 133
29 195 163 163
48 168 40 97
60 151 141 153
153 42 134 129
137 189 26 128
54 26 137 86
3 7 76 62
157 102 195 185
74 158 125 98
126 165 194 162
93 135 92 47
153 27 175 90
192 177 18 23
3 132 108 181
138 183 44 95
62 16 58 112
173 182 10 76
124 4 15 18
116 83 41 69
109 16 136 78
170 130 101 172
62 9 131 177
169 151 72 31
166 129 120 139
89 129 191 13
133 6 30 26
65 47 94 174
40 7 29 10
137 129 158 175
115 89 152 84
40 2 91 6
107 11 121 195
117 112 9 27
94 15 52 159
62 122 110 101
129 115 87 43
45 45 18 136
134 147 20 150
148 87 156 55
75 54 28 191
143 36 194 14
27 46 149 65
167 36 142 96
151 29 115 195
51 133 131 184
57 127 111 5
190 44 36 65
98 63 33 41
75 27 31 79
49 180 143 17
16 63 89 166
68 5 138 118
114 69 79 170
172 190 151 163
34 163 5 108
27 15 125 78
18 156 156 67
136 77 60 128
139 148 95 183
129 33 102 43
79 157 189 51
124 117 14 158
81 195 43 84
10 168 161 27
124 118 93 37
194 152 164 110
78 36 93 7
69 171 27 124
129 192 174 30
110 165 187 167
160 8 51 146
175 188 172 76
106 43 89 77
171 53 186 26
66 57 10 111
28 36 35 133
28 9 163 114
150 127 58 87
134 108 33 86
97 182 161 179
25 50 57 172
80 20 175 122
76 184 33 81
20 67 14 24
52 153 115 3
58 172 89 191
58 122 55 131
81 192 110 82
20 143 54 99
163 29 197 39
13 30 119 9
96 110 10 124
63 124 126 120
96 192 89 130
91 143 61 171
112 171 53 131
91 83 7 54
89 4 93 101
33 188 87 105
98 96 30 138
20 132 35 92
124 100 23 191
20 60 162 132
31 191 63 99
75 70 152 163
73 22 41 83
11 104 187 85
199 193 199 195
126 35 88 27
134 87 19 154
146 157 86 154
126 148 53 1
194 5 140 68
4 157 150 14
62 114 75 61
85 75 57 11
109 121 14 20
8 9 173 130
143 36 84 69
161 136 46 155
118 185 23 121
142 149 111 4
41 185 65 125
37 98 112 122
19 125 142 3
111 92 132 54
105 193 99 66
129 144 21 24
129 21 121 48
146 9 29 186
171 70 111 8
167 23 130 162
125 49 164 13
140 73 43 45
66 141 87 172
85 108 172 190
105 94 15 51
102 43 38 73
112 125 58 56
148 187 18 50
36 158 62 152
32 104 174 97
45 61 46 106
145 19 73 50
112 64 78 190
107 115 41 195
40 98 52 164
62 69 14 74
5 75 26 36
155 176 109 176
15 132 82 159
150 131 186 39
195 64 29 79
178 46 51 194
143 102 136 181
148 149 55 152
2 58 164 133
34 50 110 48
181 191 184 131
100 170 146 72
11 152 127 165
197 177 159 118
80 95 99 5
22 154 133 199
12 97 132 22
123 42 70 105
11 31 13 87
177 159 158 187
111 85 152 85
39 88 3 95
183 102 99 181
56 32 157 67
105 89 88 6
108 134 87 95
141 99 181 118
35 139 105 122
1 57 8 16
145 10 111 105
111 10 63 143
19 20 186 100
85 52 82 192
185 168 87 104
45 45 22 79
160 104 178 160
137 185 176 59
171 64 163 60
50 3 3 68
198 189 145 84
41 27 53 3
172 117 83 17
161 105 72 122
185 50 59 122
12 12 181 183
75 121 20 125
101 198 169 99
187 91 182 5
118 36 184 90
129 44 83 90
125 154 188 110
5 48 33 16
36 190 175 111
111 194 13 12
193 181 88 157
73 70 139 167
82 100 34 11
143 116 78 69
70 66 155 51
90 187 44 126
154 19 14 43
190 26 31 160
183 118 94 33
188 33 176 47
109 10 35 30
102 89 75 149
131 30 199 22
194 43 124 148
39 137 190 29
139 22 188 99
139 82 132 104
92 108 128 177
95 162 7 196
28 81 122 158
111 122 156 82
141 80 30 179
193 21 184 109
19 172 9 157
32 140 39 100
25 166 77 119
105 61 93 132
118 15 90 29
113 47 87 32
103 117 11 97
114 195 6 132
144 190 66 152
130 104 52 132
47 106 51 151
166 120 60 84
112 150 90 2
173 176 33 53
70 44 126 183
16 109 115 159
99 181 89 7
62 140 138 109
23 165 60 165
86 120 50 174
47 116 175 196
69 185 49 139
6 152 122 21
61 15 156 159
195 22 165 57
162 103 165 161
69 3 127 131
99 153 82 145
69 34 118 114
19 143 53 24
95 152 21 155
166 154 115 161
175 57 194 114
160 137 76 6
139 179 113 38
132 194 159 1
28 54 114 24
196 144 24 92
96 22 47 62
152 138 199 104
195 193 19 132
107 71 137 46
27 50 60 158
21 195 135 48
49 26 48 46
169 72 114 42
93 160 103 45
99 79 148 71
73 143 3 156
190 139 3 17
165 39 174 185
12 86 10 60
112 58 82 81
106 195 123 198
133 3 20 9
82 167 79 131
88 81 87 55
196 66 72 161
105 23 123 93
109 132 152 21
166 12 78 72
183 1 47 116
180 66 124 62
11 3 169 75
60 33 129 56
99 1 17 180
1 116 73 109
26 2 106 191
189 183 41 173
161 64 66 141
130 190 179 117
169 148 191 7
180 97 62 56
98 56 36 75
171 85 183 196
64 89 165 53
72 182 26 33
46 92 150 175
59 129 69 5
54 37 11 12
134 50 67 9
105 80 83 53
141 66 50 5
131 191 58 179
173 60 13 19
128 139 171 186
69 40 168 122
54 178 133 187
5 177 195 109
34 78 162 174
120 188 179 51
156 14 30 129
73 19 124 2
158 95 164 4
112 132 125 142
88 36 129 92
189 101 178 23
178 117 173 75
82 152 125 38
165 131 166 16
127 67 193 85
139 157 88 28
67 189 169 154
2 98 23 167
198 177 189 153
94 163 28 175
92 129 189 35
37 132 27 163
199 20 25 138
176 89 165 43
79 134 173 57
9 173 25 183
150 190 136 22
130 140 173 23
69 163 34 105
72 60 46 71
79 70 185 32
159 127 52 15
38 25 48 46
174 72 29 102
40 141 100 169
81 73 168 126
13 2 32 85
38 54 132 116
123 118 125 59
22 176 50 60
177 98 82 152
146 88 54 185
29 153 132 87
3 100 13 16
79 21 77 93
74 185 186 174
103 111 33 102
87 83 161 64
157 20 16 103
107 46 66 113
175 197 199 178
74 188 170 129
10 24 23 60
9 9 34 89
119 67 190 6
126 128 46 83
147 62 162 55
84 28 144 60
2 120 15 76
108 184 181 94
184 4 154 192
188 187 81 107
31 48 89 133
175 135 192 123
173 155 154 34
182 75 93 184
194 84 37 79
45 18 173 29
22 104 198 186
68 79 94 76
104 159 9 79
71 2 178 21
156 109 55 115
160 124 76 154
9 112 11 30
107 183 59 105
64 57 91 131
112 184 183 16
121 192 72 168
170 27 189 103
113 21 18 73
144 71 28 129
182 15 159 89
197 194 193 38
51 85 145 139
46 129 132 143
121 4 112 68
7 78 170 119
98 164 192 19
35 196 125 194
11 61 60 184
55 31 198 82
115 143 197 137
72 129 58 169
109 169 37 116
47 183 35 121
148 4 139 159
176 64 153 163
101 14 124 155
21 122 14 112
66 12 49 137
117 83 107 27
52 120 142 75
104 153 172 29
134 112 187 110
152 118 74 54
108 174 185 128
97 176 40 162
164 65 76 81
148 182 107 176
80 26 29 183
179 1 12 113
89 175 199 19
70 50 49 177
25 11 105 121
186 121 60 127
186 135 9 111
118 92 87 197
118 92 157 74
93 145 186 158
97 162 176 167
13 25 144 14
36 27 134 198
124 193 126 110
128 111 197 23
3 62 196 120
153 130 170 23
75 156 181 149
96 157 116 85
159 60 98 171
63 9 169 187
2 95 74 106
182 72 106 185
133 79 82 86
186 53 109 38
185 67 186 81
24 102 165 159
139 40 130 2
48 100 188 26
171 40 132 154
111 15 116 44
70 197 106 56
50 191 94 13
58 80 70 59
182 36 18 98
75 148 99 100
25 65 125 172
104 34 103 15
48 19 35 118
193 117 150 20
109 44 32 166
101 102 2 83
114 20 180 165
144 56 65 145
120 190 94 1
24 197 191 49
192 26 143 185
120 93 6 29
137 37 171 15
115 173 74 29
169 31 194 90
86 36 12 183
26 105 183 27
102 152 75 95
154 18 57 74
110 62 102 24
76 74 38 190
24 111 196 169
141 167 59 5
3 47 187 29
151 147 55 31
99 129 102 54
123 158 127 33
21 7 34 73
57 71 63 80
159 36 49 77
3 84 81 6
130 68 11 58
192 42 88 91
170 189 121 70
125 49 102 145
55 112 194 111
160 34 167 119
70 192 195 72
53 77 54 159
121 64 17 113
105 105 181 52
71 102 121 195
150 1 117 181
112 111 69 49
122 13 167 191
181 140 63 34
193 94 192 114
157 186 5 63
68 185 114 138
64 13 111 191
13 5 172 101
93 19 150 15
31 94 6 189
34 45 23 4
138 192 95 96
178 99 135 46
61 26 160 124
15 48 115 4
53 65 105 145
83 32 159 90
102 141 56 113
185 79 116 101
48 11 173 3
86 108 48 123
110 184 48 125
33 139 128 85
4 10 7 63
18 165 130 120
106 185 33 68
41 148 145 88
136 118 90 198
3 114 122 90
99 169 15 108
108 119 169 89
129 175 128 146
140 58 66 23
21 75 67 61
1 13 126 136
107 192 134 87
107 56 176 182
2 190 67 87
109 36 152 15
11 80 161 150
115 4 149 135
79 192 172 56
181 98 191 89
91 102 175 174
135 151 156 113
118 23 199 27
58 128 19 45
9 179 194 100
159 120 35 15
112 183 70 94
82 38 159 149
117 111 123 52
62 56 164 179
55 141 182 112
69 1 156 54
156 127 153 93
24 164 84 112
148 154 182 7
168 141 155 85
52 55 136 90
110 78 46 164
195 6 53 41
182 185 95 116
89 25 9 89
166 92 1 91
23 183 74 191
101 29 76 130
60 189 20 169
67 43 110 62
48 139 79 30
124 173 122 189
175 130 78 118
199 55 185 198
38 59 189 116
87 43 46 146
32 42 92 75
84 178 113 108
117 191 115 18
142 37 7 117
167 61 12 143
115 196 141 130
55 108 46 118
150 91 41 181
132 109 56 193
87 168 101 4
159 16 197 78
53 180 171 196
41 182 139 132
155 57 62 10
164 84 104 114
174 144 72 84
53 104 77 116
49 154 96 9
170 93 63 199
50 35 195 90
17 111 199 172
167 38 158 109
122 63 23 96
183 72 156 37
175 33 129 25
187 26 10 134
95 72 133 145
106 105 12 100
16 11 72 159
49 7 68 170
69 68 43 53
139 199 66 114
9 194 115 172
196 124 83 92
173 16 37 79
120 48 178 112
59 27 72 84
34 139 31 79
7 73 131 122
49 173 14 58
145 128 7 141
30 90 33 3
82 69 81 179
94 37 91 129
40 162 13 73
79 43 129 62
92 37 184 141
11 197 175 155
102 158 73 131
48 83 133 107
128 191 86 22
5 176 150 44
116 139 94 194
181 23 33 51
59 17 168 46
190 120 177 70
78 51 1 103
133 111 10 38
79 95 60 60
71 10 80 163
126 173 157 84
172 190 134 9
183 102 54 151
22 9 21 77
59 197 179 168
85 165 6 140
60 42 199 107
29 57 71 154
7 5 38 179
171 149 164 132
51 18 83 50
26 80 103 61
54 82 6 116
24 188 33 83
7 10 166 35
66 14 165 72
19 4 28 166
152 191 98 179
186 157 6 188
37 108 27 68
166 32 160 189
196 192 49 180
2 16 15 67
29 180 139 24
160 143 190 89
135 88 45 121
46 51 109 59
135 135 103 102
144 63 68 117
56 117 97 34
109 89 101 114
46 17 138 6
159 105 71 71
192 115 191 15
142 101 51 78
13 153 179 156
193 24 51 26
140 147 59 49
36 136 163 81
152 78 63 89
182 133 159 151
26 151 166 167
29 193 45 18
123 1 151 116
25 2 141 141
125 177 167 161
113 107 19 43
184 59 131 143
191 90 94 193
18 37 161 23
30 182 18 153
160 168 46 184
146 164 102 71
141 69 9 54
175 5 96 136
63 4 79 31
71 150 25 88
186 185 88 193
144 105 123 104
50 145 65 195
109 167 66 50
13 52 81 188
56 153 101 118
134 157 148 5
107 172 69 70
134 133 40 79
38 162 159 87
85 25 59 193
191 125 21 4
176 78 168 32
8 70 126 141
27 74 145 110
47 191 179 157
124 196 36 139
135 195 3 20
196 62 14 187
163 11 167 116
88 113 124 95
159 50 37 162
123 158 72 146
149 28 104 74
24 116 13 136
88 15 155 84
53 168 71 16
178 16 131 43
105 55 138 64
104 151 26 5
109 74 150 36
78 31 109 79
147 98 15 35
89 169 119 142
115 166 157 70
158 66 113 63
120 28 126 2
178 128 6 87
178 132 122 34
163 8 112 110
82 103 121 171
49 40 90 163
183 24 11 141
89 123 5 186
127 107 164 105
13 169 168 167
78 68 1 41
75 89 127 134
168 26 82 18
65 171 157 25
171 167 166 38
67 147 1 193
31 164 75 43
110 44 187 187
111 164 6 162
54 109 73 198
134 154 16 176
102 173 1 51
117 143 88 184
90 88 154 121
52 30 140 161
50 127 125 160
92 130 99 122
17 172 120 150
103 136 103 182
86 104 33 3
24 120 163 114
184 118 35 36
124 174 173 173
102 98 110 170
6 185 92 22
134 12 148 38